Random Numbers 1 
0.77237     0.22803     0.37086     0.89093     0.85638     0.40243     0.31802     0.60864      0.9102      0.9091     0.59159     0.33257     0.85306
0.4424     0.90436    0.033179     0.53243      0.7165      0.1793     0.33653     0.18771     0.32193     0.40386     0.54857    0.048739     0.55273
0.27481      0.2415     0.24315     0.15416     0.95642     0.93566     0.81871     0.72826     0.17581     0.36037     0.18879   0.0011984     0.31642
0.69962     0.62526     0.54306     0.43904     0.28743     0.50166     0.76155     0.76241     0.57606     0.74766     0.64553     0.12322      0.5044
0.34726    0.092148     0.14785     0.19817     0.67227     0.43151      0.6944     0.25678   0.0097586     0.53228     0.27939     0.94623     0.90644
0.39268    0.024855     0.67144     0.83717      0.9715    0.056933     0.45032     0.58247     0.68664     0.71943     0.65004     0.72691     0.37385
0.58158     0.11612    0.057654     0.97977     0.28482     0.59497     0.96216     0.18578     0.19304     0.34164      0.9329     0.39067     0.27322
0.15195     0.39711     0.37472     0.13111     0.43504    0.091513     0.61463    0.010979     0.57326     0.78973     0.23537     0.44802     0.56936
0.061401     0.49629     0.64232     0.22127     0.83706     0.97108     0.84637       0.506     0.27888     0.74662     0.23693     0.95735     0.62026
0.60026      0.1726    0.090347     0.25526     0.85857     0.91107     0.69963     0.72518     0.22989     0.57605     0.81063     0.40384     0.98844
Random Numbers 2 
0.089999     0.32094     0.51141    0.060606     0.72569     0.55656     0.52936
0.82998     0.85876     0.78903     0.31783     0.45221     0.75223     0.10986
0.10974     0.26988     0.52464     0.97265     0.71041     0.31186     0.29146
0.85036     0.91165     0.63928     0.25537    0.088666     0.83826     0.58472
0.94811    0.061029     0.58464     0.28511     0.82773     0.19099     0.44253
0.39341     0.82657     0.67687      0.2076      0.3181     0.13381     0.67146
0.57099     0.16977     0.14766     0.47608      0.9081     0.55218     0.03294
0.053863     0.80506     0.45137     0.38265     0.78964     0.36429     0.53235
0.71166     0.87148     0.32869     0.65012     0.97484    0.075967     0.58702
